5 5 2 2 10 10
0 5
1 5
0 5
1 5

6.6 -2.82 75 1 
5.76 -0.18 75 1
4.16 2.18 75 1
4 4.35 95 1
2.97 5.49 75 1
1.19 7.39 75 1

5.21 -3.44 76 1
4.19 -0.54 120 1
3 1 77 1
1 3 109 1
-1.3 7.05 76 1
-2 8 75 1

3.46 -3.39 105 1
1.26 -0.17 106 1
0.74 1.36 0 1
-2.25 4.64 78 1
-3 6 80 1
-4 8 85 1

1.87 -2.77 83 1
-0.73 0.07 79 1
-3.6 3.03 80 1
-5 5 74 1
-7 6 72 1
-7.5 6.5 77 1

-2.63 -0.99 80 1
-3.91 0.58 120 1
-5 1 78 1
-8 2.5 86 1
-9 3.5 86 1
-10 6 76 1

-4.46 -0.67 80 1
-5 0 80 1
-6 1 79 1
-7 2 74 1
-8 3 77 1
-9 4 80 1






