3 3 9 9 13 13
0.500000000000 3
0.562500000000 1
0.625000000000 1
0.687500000000 1
0.750000000000 1
0.812500000000 1
0.875000000000 1
0.937500000000 1
1.000000000000 3

0.000000000000 3
0.125000000000 1
0.250000000000 1
0.375000000000 1
0.500000000000 1
0.625000000000 1
0.750000000000 1
0.875000000000 1
1.000000000000 3

3.007518672339 2.570250445690 4.401153834452 1.000000000000
3.020186597344 2.618619552586 4.323431267103 1.000000000000
3.007599125750 2.735674258744 4.258186694845 1.000000000000
3.022367739749 2.863309284765 4.213950844396 1.000000000000
2.750794480226 3.350231277298 4.252254570404 1.000000000000
2.552114123513 3.559162403421 4.332907171505 1.000000000000
2.178368121247 3.662225512451 4.529101283872 1.000000000000
1.935028352994 3.556642794226 4.878334233421 1.000000000000
1.942559987069 3.328724062429 5.169687463839 1.000000000000
1.934027181508 3.180543083771 5.236586248509 1.000000000000
1.935159845415 3.105482624766 5.270115813685 1.000000000000
2.876693794516 2.656391937871 4.795845202952 1.000000000000
2.883355524845 2.713832995631 4.765777161256 1.000000000000
2.917941347191 2.840006986488 4.727792101545 1.000000000000
2.997654686005 2.900839000801 4.609498904910 1.000000000000
2.750179617722 3.354360695720 4.394903318960 1.000000000000
2.588607865218 3.579264309912 4.472329440531 1.000000000000
2.281431903612 3.549839165973 4.707594992182 1.000000000000
2.131348946334 3.499988634913 4.965975812659 1.000000000000
2.035893168070 3.332476740415 5.203822528071 1.000000000000
2.024241726215 3.219207342515 5.277079834408 1.000000000000
2.023615194682 3.145104504781 5.313932734462 1.000000000000
2.927242003566 2.854572665841 4.869883820025 1.000000000000
2.935751315173 2.890372419703 4.821448580746 1.000000000000
2.851959833356 2.950152751112 4.695009778611 1.000000000000
2.884502258587 2.979684656819 4.676143959279 1.000000000000
2.891054691257 3.307078152211 4.699176393691 1.000000000000
2.539800755350 3.479911390143 4.671191734941 1.000000000000
2.366312195466 3.529592165484 4.883860988111 1.000000000000
2.261086127992 3.423225236124 5.102539896301 1.000000000000
2.157878200333 3.231346524472 5.126554655028 1.000000000000
2.110123829028 3.179090420937 5.221170174703 1.000000000000
2.097987607677 3.121446235269 5.268258095199 1.000000000000
2.847728786328 3.028028559945 5.201759840788 1.000000000000
2.826468969872 3.024794647885 5.202866514251 1.000000000000
2.856464166528 3.048135263392 5.259410910545 1.000000000000
2.979635446223 3.051993626532 5.216049855540 1.000000000000
2.746085517772 3.281905451876 5.058321251639 1.000000000000
2.673389538320 3.495919851851 5.027218347005 1.000000000000
2.470010890603 3.552708319309 5.132858847801 1.000000000000
2.365937794921 3.517932249941 5.262254668195 1.000000000000
2.252599166274 3.419842324898 5.418391739803 1.000000000000
2.211363897813 3.322882593769 5.493392390348 1.000000000000
2.200353285041 3.264966490584 5.529270558326 1.000000000000
2.505416108759 3.182556586989 5.721391621048 1.000000000000
2.465260263830 3.273189948207 5.680795244194 1.000000000000
2.341303444374 3.427700934211 5.539569649543 1.000000000000
2.724851401118 3.457092651908 5.530650636160 1.000000000000
2.672541726198 3.634327599964 5.440893315152 1.000000000000
2.868127228891 3.734679662497 5.373341057673 1.000000000000
2.657190792149 3.760639079538 5.445402176816 1.000000000000
2.525167353208 3.647814961462 5.593891229940 1.000000000000
2.425104966396 3.539129422031 5.707483931622 1.000000000000
2.383779377539 3.429904787674 5.788779948174 1.000000000000
2.370436180565 3.369303246107 5.827549515298 1.000000000000
2.907118581384 3.188033311165 6.437891891209 1.000000000000
2.869819812435 3.280514734528 6.433803795229 1.000000000000
2.785240564649 3.501171737112 6.436775890062 1.000000000000
2.902849166278 3.803347206831 6.218306350589 1.000000000000
3.140166809768 4.012476773525 6.053369474169 1.000000000000
3.297127919489 4.117337257139 5.912848157940 1.000000000000
3.003264831111 4.122466725514 6.005995493119 1.000000000000
2.845323375147 3.942039117899 6.130315227601 1.000000000000
2.714399213134 3.750227666609 6.267736968384 1.000000000000
2.648079582176 3.598835990356 6.351051455737 1.000000000000
2.628829441008 3.524432658322 6.387598631131 1.000000000000
3.174690404358 3.225426292781 7.038132506145 1.000000000000
3.149812549251 3.335825817036 7.024610466384 1.000000000000
3.069677384639 3.615743420831 7.009774349106 1.000000000000
3.318561033758 3.952755488332 6.626159817362 1.000000000000
3.445390963730 4.138117121282 6.426622042417 1.000000000000
3.569916268173 4.278054189672 6.338818486011 1.000000000000
3.383406022539 4.291356783573 6.517536988435 1.000000000000
3.240109921342 4.137784130245 6.677340802712 1.000000000000
3.115976905779 3.974055969789 6.818865042378 1.000000000000
3.054167269449 3.806817414578 6.998027673722 1.000000000000
3.034266176738 3.721170296254 7.065162580304 1.000000000000
3.349298036501 3.354027268303 7.383836569337 1.000000000000
3.331143707312 3.431318658255 7.387854389640 1.000000000000
3.288229447587 3.627560073653 7.443918101317 1.000000000000
3.452749337648 3.964070758519 7.129897920780 1.000000000000
3.671749665121 4.103357351451 7.073457836070 1.000000000000
3.773952735042 4.242741285715 7.026114865894 1.000000000000
3.526215812827 4.179131035273 7.062919233237 1.000000000000
3.392146590473 4.031231969016 7.151959630801 1.000000000000
3.296220628613 3.916160903905 7.225632614929 1.000000000000
3.232387089476 3.770343259793 7.373154880026 1.000000000000
3.209917519282 3.703082821062 7.418713711375 1.000000000000
3.612340693927 3.620344304830 7.971704189688 1.000000000000
3.619355378709 3.677660971473 7.958566702384 1.000000000000
3.653188766147 3.807700954082 7.905029685592 1.000000000000
3.763850904211 3.895217341814 7.790697460983 1.000000000000
3.822621169751 4.071455071839 7.630323980464 1.000000000000
3.865779556976 4.163866375777 7.554003002511 1.000000000000
3.761562976433 4.122856202928 7.757891357423 1.000000000000
3.699297585535 3.986290282714 7.861219553592 1.000000000000
3.635001159468 3.882089305729 7.952020596547 1.000000000000
3.609252605169 3.781260311963 7.993586138790 1.000000000000
3.599940470717 3.742889516984 8.008349317044 1.000000000000
3.833292289401 3.703555356206 8.213723077103 1.000000000000
3.843680604988 3.742955517958 8.205328597114 1.000000000000
3.878484784322 3.821697917380 8.169226812878 1.000000000000
3.907571708877 3.936495557285 8.090299506869 1.000000000000
3.938210703954 4.018459071636 7.960317321407 1.000000000000
3.938255272450 4.119066848414 7.916422267085 1.000000000000
3.879577422042 4.058074554665 8.099808422093 1.000000000000
3.835433654967 3.942624690679 8.220408982106 1.000000000000
3.796492657554 3.847331937221 8.299251665432 1.000000000000
3.760668777174 3.756828522248 8.314769447552 1.000000000000
3.744820765314 3.722538498531 8.315815814384 1.000000000000
3.822111325110 3.730536833671 8.305247034765 1.000000000000
3.833732868260 3.770760517158 8.303020432077 1.000000000000
3.874770273410 3.858863589780 8.269311679034 1.000000000000
3.908063846893 3.959869286413 8.172395057165 1.000000000000
3.927654242062 4.052449954785 8.035908324552 1.000000000000
3.937233710924 4.074415721125 7.958447797659 1.000000000000
3.919266677387 4.019535597197 8.104508152566 1.000000000000
3.896044892889 3.915253654106 8.208449007120 1.000000000000
3.845982759536 3.808560576454 8.306038578051 1.000000000000
3.817238161659 3.715641431796 8.306114294398 1.000000000000
3.810801656912 3.681033437027 8.300917880456 1.000000000000
