3 3 9 9 13 13
0.000000000000 3
0.062500000000 1
0.125000000000 1
0.187500000000 1
0.250000000000 1
0.312500000000 1
0.375000000000 1
0.437500000000 1
0.500000000000 3

0.000000000000 3
0.125000000000 1
0.250000000000 1
0.375000000000 1
0.500000000000 1
0.625000000000 1
0.750000000000 1
0.875000000000 1
1.000000000000 3

1.935159845415 3.105482624766 5.270115813685 1.000000000000
1.936292509322 3.030422165762 5.303645378862 1.000000000000
1.949355970512 2.878361308403 5.370864854897 1.000000000000
1.905251679799 2.536437198625 5.463035704364 1.000000000000
2.302400909616 2.192433310206 5.481653478452 1.000000000000
2.512780104415 2.186122676221 5.369606181256 1.000000000000
2.688255576556 2.199843234007 5.219733823501 1.000000000000
2.818254051459 2.333905622870 4.900010465763 1.000000000000
2.931591575720 2.445459617366 4.724522098936 1.000000000000
2.994850747334 2.521881338793 4.478876401800 1.000000000000
3.007518672339 2.570250445690 4.401153834452 1.000000000000
2.023615194682 3.145104504781 5.313932734462 1.000000000000
2.022988663150 3.071001667046 5.350785634517 1.000000000000
2.032133978874 2.887859714008 5.424939928399 1.000000000000
2.043771745434 2.584406128537 5.472146541320 1.000000000000
2.379720835030 2.394806034262 5.443415292501 1.000000000000
2.503368747686 2.318498075751 5.341251969874 1.000000000000
2.691341786378 2.304210406239 5.133458135192 1.000000000000
2.803030447057 2.425572608979 5.014835437751 1.000000000000
2.877970965218 2.495360639924 4.908200351722 1.000000000000
2.870032064187 2.598950880110 4.825913244648 1.000000000000
2.876693794516 2.656391937871 4.795845202952 1.000000000000
2.097987607677 3.121446235269 5.268258095199 1.000000000000
2.085851386327 3.063802049600 5.315346015695 1.000000000000
2.085060872230 2.885481410461 5.409082178004 1.000000000000
2.203829732803 2.622597097531 5.494299999646 1.000000000000
2.379718777100 2.519014291799 5.522251961461 1.000000000000
2.518846016877 2.526336314443 5.384307583735 1.000000000000
2.694232053621 2.590099326421 5.250899842167 1.000000000000
2.771576163654 2.651560511918 5.079304720677 1.000000000000
2.800903963717 2.735354227941 4.985621214283 1.000000000000
2.918732691960 2.818772911979 4.918319059304 1.000000000000
2.927242003566 2.854572665841 4.869883820025 1.000000000000
2.200353285041 3.264966490584 5.529270558326 1.000000000000
2.189342672268 3.207050387399 5.565148726304 1.000000000000
2.186535489638 3.072345705787 5.633660747671 1.000000000000
2.263822841598 2.849752113382 5.687577337804 1.000000000000
2.491537082956 2.633784679041 5.628997556076 1.000000000000
2.673573496705 2.668190848256 5.554320916963 1.000000000000
2.827887951840 2.655666645204 5.436627990494 1.000000000000
3.053098890140 2.965603708530 5.257983339791 1.000000000000
2.984023065261 3.067538735752 5.252770869768 1.000000000000
2.868988602783 3.031262472005 5.200653167325 1.000000000000
2.847728786328 3.028028559945 5.201759840788 1.000000000000
2.370436180565 3.369303246107 5.827549515298 1.000000000000
2.357092983591 3.308701704541 5.866319082421 1.000000000000
2.345045784551 3.175520172633 5.940101334363 1.000000000000
2.419059993114 2.922133056562 6.011543054888 1.000000000000
2.624715607649 2.746119028725 5.982322596902 1.000000000000
2.798531320204 2.743800094179 5.878704033150 1.000000000000
2.961831937143 2.720158259936 5.823248077424 1.000000000000
3.093637924255 2.970508668429 5.702310892071 1.000000000000
2.582238513944 2.883900766904 5.783147910663 1.000000000000
2.545571953687 3.091923225771 5.761987997901 1.000000000000
2.505416108759 3.182556586989 5.721391621048 1.000000000000
2.628829441008 3.524432658322 6.387598631131 1.000000000000
2.609579299840 3.450029326287 6.424145806525 1.000000000000
2.598898366127 3.303807674401 6.487020020747 1.000000000000
2.659149923603 3.031731982508 6.554865299806 1.000000000000
2.825760043634 2.733118467499 6.577773475087 1.000000000000
3.001631893992 2.691051976678 6.533457162050 1.000000000000
3.155083633243 2.707040002626 6.457185806164 1.000000000000
3.216237355652 2.781297547769 6.414537171796 1.000000000000
3.009033178344 2.946283196931 6.461304465941 1.000000000000
2.944417350333 3.095551887801 6.441979987188 1.000000000000
2.907118581384 3.188033311165 6.437891891209 1.000000000000
3.034266176738 3.721170296254 7.065162580304 1.000000000000
3.014365084026 3.635523177931 7.132297486887 1.000000000000
2.996570349509 3.460173259850 7.221674481873 1.000000000000
3.014322778343 3.235648391570 7.188524517965 1.000000000000
3.153049036657 2.892864494111 7.216507149752 1.000000000000
3.270399173960 2.784434924630 7.148432471293 1.000000000000
3.428811703605 2.831782841878 7.057321656239 1.000000000000
3.350458223127 2.935315503948 7.063158024046 1.000000000000
3.218944515279 2.953346275298 7.090906587668 1.000000000000
3.199568259465 3.115026768525 7.051654545905 1.000000000000
3.174690404358 3.225426292781 7.038132506145 1.000000000000
3.209917519282 3.703082821062 7.418713711375 1.000000000000
3.187447949088 3.635822382331 7.464272542724 1.000000000000
3.161403207449 3.512598271519 7.498985603023 1.000000000000
3.181617972884 3.359443362209 7.425365102794 1.000000000000
3.275350136360 3.121297232340 7.508000621067 1.000000000000
3.390070993572 3.047055421931 7.512864438114 1.000000000000
3.487368541558 3.021454750018 7.441015173431 1.000000000000
3.482625583273 3.085549344928 7.403061320482 1.000000000000
3.397155422723 3.163811733940 7.419811179499 1.000000000000
3.367452365690 3.276735878351 7.379818749034 1.000000000000
3.349298036501 3.354027268303 7.383836569337 1.000000000000
3.599940470717 3.742889516984 8.008349317044 1.000000000000
3.590628336265 3.704518722004 8.023112495298 1.000000000000
3.579128352755 3.651864535852 8.040599666073 1.000000000000
3.545918047328 3.542031507114 8.064541510283 1.000000000000
3.559692036824 3.366410897460 8.022564618980 1.000000000000
3.582537278984 3.315724861581 7.959623824203 1.000000000000
3.629172845520 3.283558802768 7.956466359941 1.000000000000
3.682737999108 3.347109262641 7.930546374258 1.000000000000
3.611100657455 3.463800954224 7.983854609413 1.000000000000
3.605326009145 3.563027638187 7.984841676991 1.000000000000
3.612340693927 3.620344304830 7.971704189688 1.000000000000
3.744820765314 3.722538498531 8.315815814384 1.000000000000
3.728972753454 3.688248474813 8.316862181216 1.000000000000
3.701404586392 3.641591794918 8.305529866425 1.000000000000
3.687486137123 3.560032409506 8.258532196641 1.000000000000
3.682795670325 3.484807656690 8.191012165819 1.000000000000
3.688112644978 3.445587834246 8.166889757754 1.000000000000
3.741194292092 3.425424440585 8.178263561595 1.000000000000
3.830438077215 3.531824042033 8.172133509284 1.000000000000
3.816154890798 3.585296946866 8.219593692815 1.000000000000
3.822903973813 3.664155194453 8.222117557093 1.000000000000
3.833292289401 3.703555356206 8.213723077103 1.000000000000
3.810801656912 3.681033437027 8.300917880456 1.000000000000
3.804365152165 3.646425442259 8.295721466515 1.000000000000
3.807363731054 3.600912607844 8.274860094402 1.000000000000
3.756566254715 3.542935357502 8.264655634421 1.000000000000
3.708088891125 3.483615654482 8.218717767100 1.000000000000
3.710315387853 3.477142138222 8.203996666740 1.000000000000
3.708848979208 3.487717542822 8.227643995206 1.000000000000
3.788029228271 3.576267234418 8.276682162747 1.000000000000
3.805041014515 3.617521488855 8.282671295165 1.000000000000
3.810489781961 3.690313150183 8.307473637453 1.000000000000
3.822111325110 3.730536833671 8.305247034765 1.000000000000
