3 3 9 9 13 13
0.000000000000 3
0.062500000000 1
0.125000000000 1
0.187500000000 1
0.250000000000 1
0.312500000000 1
0.375000000000 1
0.437500000000 1
0.500000000000 3

0.000000000000 3
0.125000000000 1
0.250000000000 1
0.375000000000 1
0.500000000000 1
0.625000000000 1
0.750000000000 1
0.875000000000 1
1.000000000000 3

2.003095427035 3.105482624766 5.270115813685 1.000000000000
2.004228090942 3.180543083771 5.236586248509 1.000000000000
1.995695285380 3.328724062429 5.169687463839 1.000000000000
2.003226919456 3.556642794226 4.878334233421 1.000000000000
1.759887151203 3.662225512451 4.529101283872 1.000000000000
1.386141148937 3.559162403421 4.332907171505 1.000000000000
1.187460792223 3.350231277298 4.252254570404 1.000000000000
0.915887532700 2.863309284765 4.213950844396 1.000000000000
0.930656146700 2.735674258744 4.258186694845 1.000000000000
0.918068675106 2.618619552586 4.323431267103 1.000000000000
0.930736600111 2.570250445690 4.401153834452 1.000000000000
1.914640077767 3.145104504781 5.313932734462 1.000000000000
1.914013546235 3.219207342515 5.277079834408 1.000000000000
1.902362104379 3.332476740415 5.203822528071 1.000000000000
1.806906326116 3.499988634913 4.965975812659 1.000000000000
1.656823368838 3.549839165973 4.707594992182 1.000000000000
1.349647407232 3.579264309912 4.472329440531 1.000000000000
1.188075654728 3.354360695720 4.394903318960 1.000000000000
0.940600586445 2.900839000801 4.609498904910 1.000000000000
1.020313925258 2.840006986488 4.727792101545 1.000000000000
1.054899747605 2.713832995631 4.765777161256 1.000000000000
1.061561477934 2.656391937871 4.795845202952 1.000000000000
1.840267664772 3.121446235269 5.268258095199 1.000000000000
1.828131443422 3.179090420937 5.221170174703 1.000000000000
1.780377072117 3.231346524472 5.126554655028 1.000000000000
1.677169144458 3.423225236124 5.102539896301 1.000000000000
1.571943076984 3.529592165484 4.883860988111 1.000000000000
1.398454517100 3.479911390143 4.671191734941 1.000000000000
1.047200581193 3.307078152211 4.699176393691 1.000000000000
1.053753013863 2.979684656819 4.676143959279 1.000000000000
1.086295439094 2.950152751112 4.695009778611 1.000000000000
1.002503957277 2.890372419703 4.821448580746 1.000000000000
1.011013268884 2.854572665841 4.869883820025 1.000000000000
1.737901987409 3.264966490584 5.529270558326 1.000000000000
1.726891374637 3.322882593769 5.493392390348 1.000000000000
1.685656106176 3.419842324898 5.418391739803 1.000000000000
1.572317477528 3.517932249941 5.262254668195 1.000000000000
1.468244381847 3.552708319309 5.132858847801 1.000000000000
1.264865734130 3.495919851851 5.027218347005 1.000000000000
1.192169754678 3.281905451876 5.058321251639 1.000000000000
0.958619826226 3.051993626532 5.216049855540 1.000000000000
1.081791105922 3.048135263392 5.259410910545 1.000000000000
1.111786302577 3.024794647885 5.202866514251 1.000000000000
1.090526486122 3.028028559945 5.201759840788 1.000000000000
1.567819091885 3.369303246107 5.827549515298 1.000000000000
1.554475894911 3.429904787674 5.788779948174 1.000000000000
1.513150306054 3.539129422031 5.707483931622 1.000000000000
1.413087919242 3.647814961462 5.593891229940 1.000000000000
1.281064480301 3.760639079538 5.445402176816 1.000000000000
1.070128043559 3.734679662497 5.373341057673 1.000000000000
1.265713546251 3.634327599964 5.440893315152 1.000000000000
1.213403871331 3.457092651908 5.530650636160 1.000000000000
1.596951828076 3.427700934211 5.539569649543 1.000000000000
1.472995008619 3.273189948207 5.680795244194 1.000000000000
1.432839163691 3.182556586989 5.721391621048 1.000000000000
1.309425831441 3.524432658322 6.387598631131 1.000000000000
1.290175690274 3.598835990356 6.351051455737 1.000000000000
1.223856059316 3.750227666609 6.267736968384 1.000000000000
1.092931897303 3.942039117899 6.130315227601 1.000000000000
0.934990441339 4.122466725514 6.005995493119 1.000000000000
0.641127352961 4.117337257139 5.912848157940 1.000000000000
0.798088462682 4.012476773525 6.053369474169 1.000000000000
1.035406106172 3.803347206831 6.218306350589 1.000000000000
1.153014707801 3.501171737112 6.436775890062 1.000000000000
1.068435460015 3.280514734528 6.433803795229 1.000000000000
1.031136691065 3.188033311165 6.437891891209 1.000000000000
0.903989095712 3.721170296254 7.065162580304 1.000000000000
0.884088003000 3.806817414578 6.998027673722 1.000000000000
0.822278366671 3.974055969789 6.818865042378 1.000000000000
0.698145351107 4.137784130245 6.677340802712 1.000000000000
0.554849249911 4.291356783573 6.517536988435 1.000000000000
0.368339004277 4.278054189672 6.338818486011 1.000000000000
0.492864308719 4.138117121282 6.426622042417 1.000000000000
0.619694238692 3.952755488332 6.626159817362 1.000000000000
0.868577887811 3.615743420831 7.009774349106 1.000000000000
0.788442723199 3.335825817036 7.024610466384 1.000000000000
0.763564868092 3.225426292781 7.038132506145 1.000000000000
0.728337753168 3.703082821062 7.418713711375 1.000000000000
0.705868182974 3.770343259793 7.373154880026 1.000000000000
0.642034643837 3.916160903905 7.225632614929 1.000000000000
0.546108681976 4.031231969016 7.151959630801 1.000000000000
0.412039459623 4.179131035273 7.062919233237 1.000000000000
0.164302537408 4.242741285715 7.026114865894 1.000000000000
0.266505607328 4.103357351451 7.073457836070 1.000000000000
0.485505934802 3.964070758519 7.129897920780 1.000000000000
0.650025824863 3.627560073653 7.443918101317 1.000000000000
0.607111565138 3.431318658255 7.387854389640 1.000000000000
0.588957235949 3.354027268303 7.383836569337 1.000000000000
0.338314801733 3.742889516984 8.008349317044 1.000000000000
0.329002667280 3.781260311963 7.993586138790 1.000000000000
0.303254112982 3.882089305729 7.952020596547 1.000000000000
0.238957686914 3.986290282714 7.861219553592 1.000000000000
0.176692296017 4.122856202928 7.757891357423 1.000000000000
0.072475715474 4.163866375777 7.554003002511 1.000000000000
0.115634102699 4.071455071839 7.630323980464 1.000000000000
0.174404368238 3.895217341814 7.790697460983 1.000000000000
0.285066506302 3.807700954082 7.905029685592 1.000000000000
0.318899893741 3.677660971473 7.958566702384 1.000000000000
0.325914578523 3.620344304830 7.971704189688 1.000000000000
0.193434507136 3.722538498531 8.315815814384 1.000000000000
0.177586495276 3.756828522248 8.314769447552 1.000000000000
0.141762614896 3.847331937221 8.299251665432 1.000000000000
0.102821617483 3.942624690679 8.220408982106 1.000000000000
0.058677850407 4.058074554665 8.099808422093 1.000000000000
0.000000000000 4.119066848414 7.916422267085 1.000000000000
0.000044568496 4.018459071636 7.960317321407 1.000000000000
0.030683563572 3.936495557285 8.090299506869 1.000000000000
0.059770488127 3.821697917380 8.169226812878 1.000000000000
0.094574667462 3.742955517958 8.205328597114 1.000000000000
0.104962983049 3.703555356206 8.213723077103 1.000000000000
0.127453615538 3.681033437027 8.300917880456 1.000000000000
0.121017110791 3.715641431796 8.306114294398 1.000000000000
0.092272512914 3.808560576454 8.306038578051 1.000000000000
0.042210379561 3.915253654106 8.208449007120 1.000000000000
0.018988595063 4.019535597197 8.104508152566 1.000000000000
0.001021561525 4.074415721125 7.958447797659 1.000000000000
0.010601030388 4.052449954785 8.035908324552 1.000000000000
0.030191425556 3.959869286413 8.172395057165 1.000000000000
0.063484999039 3.858863589780 8.269311679034 1.000000000000
0.104522404190 3.770760517158 8.303020432077 1.000000000000
0.116143947339 3.730536833671 8.305247034765 1.000000000000
