3 3 9 9 13 13
0.500000000000 3
0.562500000000 1
0.625000000000 1
0.687500000000 1
0.750000000000 1
0.812500000000 1
0.875000000000 1
0.937500000000 1
1.000000000000 3

0.000000000000 3
0.125000000000 1
0.250000000000 1
0.375000000000 1
0.500000000000 1
0.625000000000 1
0.750000000000 1
0.875000000000 1
1.000000000000 3

0.930736600111 2.570250445690 4.401153834452 1.000000000000
0.943404525116 2.521881338793 4.478876401800 1.000000000000
1.006663696730 2.445459617366 4.724522098936 1.000000000000
1.120001220991 2.333905622870 4.900010465763 1.000000000000
1.249999695894 2.199843234007 5.219733823501 1.000000000000
1.425475168035 2.186122676221 5.369606181256 1.000000000000
1.635854362834 2.192433310206 5.481653478452 1.000000000000
2.033003592651 2.536437198625 5.463035704364 1.000000000000
1.988899301938 2.878361308403 5.370864854897 1.000000000000
2.001962763128 3.030422165762 5.303645378862 1.000000000000
2.003095427035 3.105482624766 5.270115813685 1.000000000000
1.061561477934 2.656391937871 4.795845202952 1.000000000000
1.068223208263 2.598950880110 4.825913244648 1.000000000000
1.060284307231 2.495360639924 4.908200351722 1.000000000000
1.135224825393 2.425572608979 5.014835437751 1.000000000000
1.246913486072 2.304210406239 5.133458135192 1.000000000000
1.434886524763 2.318498075751 5.341251969874 1.000000000000
1.558534437420 2.394806034262 5.443415292501 1.000000000000
1.894483527016 2.584406128537 5.472146541320 1.000000000000
1.906121293576 2.887859714008 5.424939928399 1.000000000000
1.915266609300 3.071001667046 5.350785634517 1.000000000000
1.914640077767 3.145104504781 5.313932734462 1.000000000000
1.011013268884 2.854572665841 4.869883820025 1.000000000000
1.019522580490 2.818772911979 4.918319059304 1.000000000000
1.137351308733 2.735354227941 4.985621214283 1.000000000000
1.166679108795 2.651560511918 5.079304720677 1.000000000000
1.244023218829 2.590099326421 5.250899842167 1.000000000000
1.419409255572 2.526336314443 5.384307583735 1.000000000000
1.558536495350 2.519014291799 5.522251961461 1.000000000000
1.734425539647 2.622597097531 5.494299999646 1.000000000000
1.853194400220 2.885481410461 5.409082178004 1.000000000000
1.852403886123 3.063802049600 5.315346015695 1.000000000000
1.840267664772 3.121446235269 5.268258095199 1.000000000000
1.090526486122 3.028028559945 5.201759840788 1.000000000000
1.069266669666 3.031262472005 5.200653167325 1.000000000000
0.954232207189 3.067538735752 5.252770869768 1.000000000000
0.885156382310 2.965603708530 5.257983339791 1.000000000000
1.110367320610 2.655666645204 5.436627990494 1.000000000000
1.264681775745 2.668190848256 5.554320916963 1.000000000000
1.446718189494 2.633784679041 5.628997556076 1.000000000000
1.674432430852 2.849752113382 5.687577337804 1.000000000000
1.751719782812 3.072345705787 5.633660747671 1.000000000000
1.748912600182 3.207050387399 5.565148726304 1.000000000000
1.737901987409 3.264966490584 5.529270558326 1.000000000000
1.432839163691 3.182556586989 5.721391621048 1.000000000000
1.392683318763 3.091923225771 5.761987997901 1.000000000000
1.356016758506 2.883900766904 5.783147910663 1.000000000000
0.844617348195 2.970508668429 5.702310892071 1.000000000000
0.976423335307 2.720158259936 5.823248077424 1.000000000000
1.139723952245 2.743800094179 5.878704033150 1.000000000000
1.313539664801 2.746119028725 5.982322596902 1.000000000000
1.519195279336 2.922133056562 6.011543054888 1.000000000000
1.593209487899 3.175520172633 5.940101334363 1.000000000000
1.581162288859 3.308701704541 5.866319082421 1.000000000000
1.567819091885 3.369303246107 5.827549515298 1.000000000000
1.031136691065 3.188033311165 6.437891891209 1.000000000000
0.993837922116 3.095551887801 6.441979987188 1.000000000000
0.929222094106 2.946283196931 6.461304465941 1.000000000000
0.722017916798 2.781297547769 6.414537171796 1.000000000000
0.783171639207 2.707040002626 6.457185806164 1.000000000000
0.936623378458 2.691051976678 6.533457162050 1.000000000000
1.112495228816 2.733118467499 6.577773475087 1.000000000000
1.279105348847 3.031731982508 6.554865299806 1.000000000000
1.339356906323 3.303807674401 6.487020020747 1.000000000000
1.328675972609 3.450029326287 6.424145806525 1.000000000000
1.309425831441 3.524432658322 6.387598631131 1.000000000000
0.763564868092 3.225426292781 7.038132506145 1.000000000000
0.738687012985 3.115026768525 7.051654545905 1.000000000000
0.719310757170 2.953346275298 7.090906587668 1.000000000000
0.587797049322 2.935315503948 7.063158024046 1.000000000000
0.509443568845 2.831782841878 7.057321656239 1.000000000000
0.667856098490 2.784434924630 7.148432471293 1.000000000000
0.785206235793 2.892864494112 7.216507149752 1.000000000000
0.923932494107 3.235648391570 7.188524517965 1.000000000000
0.941684922941 3.460173259850 7.221674481873 1.000000000000
0.923890188424 3.635523177931 7.132297486887 1.000000000000
0.903989095712 3.721170296254 7.065162580304 1.000000000000
0.588957235949 3.354027268303 7.383836569337 1.000000000000
0.570802906759 3.276735878351 7.379818749034 1.000000000000
0.541099849727 3.163811733940 7.419811179499 1.000000000000
0.455629689176 3.085549344928 7.403061320482 1.000000000000
0.450886730892 3.021454750018 7.441015173431 1.000000000000
0.548184278878 3.047055421931 7.512864438114 1.000000000000
0.662905136090 3.121297232340 7.508000621067 1.000000000000
0.756637299566 3.359443362209 7.425365102794 1.000000000000
0.776852065000 3.512598271519 7.498985603023 1.000000000000
0.750807323362 3.635822382331 7.464272542724 1.000000000000
0.728337753168 3.703082821062 7.418713711375 1.000000000000
0.325914578523 3.620344304830 7.971704189688 1.000000000000
0.332929263305 3.563027638187 7.984841676991 1.000000000000
0.327154614995 3.463800954224 7.983854609413 1.000000000000
0.255517273341 3.347109262641 7.930546374258 1.000000000000
0.309082426929 3.283558802768 7.956466359941 1.000000000000
0.355717993466 3.315724861581 7.959623824203 1.000000000000
0.378563235626 3.366410897460 8.022564618980 1.000000000000
0.392337225122 3.542031507114 8.064541510283 1.000000000000
0.359126919695 3.651864535852 8.040599666073 1.000000000000
0.347626936185 3.704518722004 8.023112495298 1.000000000000
0.338314801733 3.742889516984 8.008349317044 1.000000000000
0.104962983049 3.703555356206 8.213723077103 1.000000000000
0.115351298636 3.664155194453 8.222117557093 1.000000000000
0.122100381651 3.585296946866 8.219593692815 1.000000000000
0.107817195234 3.531824042033 8.172133509284 1.000000000000
0.197060980358 3.425424440585 8.178263561595 1.000000000000
0.250142627472 3.445587834246 8.166889757754 1.000000000000
0.255459602124 3.484807656690 8.191012165819 1.000000000000
0.250769135326 3.560032409506 8.258532196641 1.000000000000
0.236850686058 3.641591794918 8.305529866425 1.000000000000
0.209282518996 3.688248474813 8.316862181216 1.000000000000
0.193434507136 3.722538498531 8.315815814384 1.000000000000
0.116143947339 3.730536833671 8.305247034765 1.000000000000
0.127765490489 3.690313150183 8.307473637453 1.000000000000
0.133214257935 3.617521488855 8.282671295165 1.000000000000
0.150226044179 3.576267234418 8.276682162747 1.000000000000
0.229406293242 3.487717542822 8.227643995206 1.000000000000
0.227939884597 3.477142138222 8.203996666740 1.000000000000
0.230166381325 3.483615654482 8.218717767100 1.000000000000
0.181689017735 3.542935357502 8.264655634421 1.000000000000
0.130891541396 3.600912607844 8.274860094402 1.000000000000
0.133890120285 3.646425442259 8.295721466515 1.000000000000
0.127453615538 3.681033437027 8.300917880456 1.000000000000
